10985936683051|2022-05-20 14:07:15|4858.2|9b2825de-417e-4a47-b896-6c6d7607af9d|8.796256895017E12|9.7423724E7|8.0|2
8.812477054977E12|4.0|15993.36
8.804189339649E12|4.0|5520.599999999999
11195159609387|2022-07-26 11:29:50|14398.245|2755161c-3ac7-4d70-9fc9-b16f65f86a4d|8.796256895017E12|1.03920701E8|8.0|2
8.812477054977E12|4.0|15993.36
8.797314482177E12|4.0|16361.64
11191239082027|2022-07-15 16:06:42|5398.2|68b0f25d-6d9e-4ee6-9e28-ebff73661d75|8.796256895017E12|1.03763056E8|4.0|1
8.812477054977E12|4.0|15993.36
11184339550251|2022-07-03 14:59:57|6524.099999999999|e83a0227-9287-47db-ad0b-84e628e517da|8.796256895017E12|1.03520499E8|4.0|2
8.812477054977E12|2.0|7996.68
8.797207592961E12|2.0|7976.25
11194887176235|2022-07-25 15:44:07|11699.55|1459b7d0-53fb-4ce3-b0b0-75e81e5d80c6|8.796256895017E12|1.03909387E8|1.0|1
8.812411715585E12|1.0|13294.935
11194863124523|2022-07-25 17:01:28|5714.55|1a95253f-a42d-4169-81e4-f71efbe50046|8.796256895017E12|1.03908653E8|1.0|1
8.812381011969E12|1.0|6493.815
11193582977067|2022-07-21 10:40:25|5714.55|35f1d08d-daa5-4a48-b3f6-2dac80b437e3|8.796256895017E12|1.03858586E8|1.0|1
8.812381011969E12|1.0|6493.815
11194633322539|2022-07-24 16:38:54|57882.55500000001|dc5bddbf-3e51-42e0-8be9-015a57563ee0|8.796256895017E12|1.0390064E8|9.0|2
8.812380880897E12|8.0|61768.8
8.800779075585E12|1.0|746.5500000000001
11194514079787|2022-07-24 00:54:00|35172.9|c5ab7afe-4f94-47e4-9b7c-6dc27147a01d|8.796256895017E12|1.03897001E8|6.0|3
8.812380880897E12|4.0|30884.4
8.808352940033E12|1.0|7960.5
8.803728719873E12|1.0|607.275
11193595363371|2022-07-21 12:53:13|27178.2|145a8644-c21c-4416-91c9-74a3046a206f|8.796256895017E12|1.03858964E8|4.0|1
8.812380880897E12|4.0|30884.4
11194260553771|2022-07-22 18:43:56|27178.2|8455fd56-9bd7-4d36-a280-b97223dea2a1|8.796256895017E12|1.03887264E8|4.0|1
8.812380880897E12|4.0|30884.4
11195463041067|2022-07-26 21:52:42|28567.98|f66f43bf-6d4e-4c55-9aae-0d08967a51f7|8.796256895017E12|1.03930961E8|4.0|1
8.812380880897E12|4.0|30884.4
11193994739755|2022-07-22 08:31:41|32274.18|b7417aeb-5a56-4b93-99cf-f31d05a1745b|8.796093055017E12|1.03878152E8|4.0|1
8.812380880897E12|4.0|30884.4
11195363688491|2022-07-26 21:18:38|27178.2|f421b33f-f70c-421b-849e-f9a0c9ae3105|8.796256895017E12|1.03927929E8|4.0|1
8.812380880897E12|4.0|30884.4
11195203420203|2022-07-25 22:45:55|27178.2|89077d82-5f5a-4080-ac85-11f63ec64d11|8.796256895017E12|1.03922038E8|4.0|1
8.812380880897E12|4.0|30884.4
11191077699627|2022-07-15 08:20:57|30942.0|4d5d7654-6da7-462a-8d88-3095ecedafeb|8.796256895017E12|1.03757131E8|4.0|1
8.812380880897E12|4.0|30884.4
11194925940779|2022-07-25 16:29:27|27178.2|1ad8b023-c2fb-43d9-8210-d8651bd1316b|8.796256895017E12|1.0391057E8|4.0|1
8.812380880897E12|4.0|30884.4
11195149910059|2022-07-26 09:33:03|27178.2|8b68573f-e11d-42bc-9626-1492a888086d|8.796256895017E12|1.03920405E8|4.0|1
8.812380880897E12|4.0|30884.4
11194664452139|2022-07-25 09:48:48|27178.2|cd10a574-a301-4f8a-9131-21dcbfb06d7b|8.796256895017E12|1.0390159E8|4.0|1
8.812380880897E12|4.0|30884.4
11194007126059|2022-07-22 11:31:00|32274.18|ece65417-bd51-4e3e-bd6d-537f1c607ab9|8.796093055017E12|1.0387853E8|4.0|1
8.812380880897E12|4.0|30884.4
11194911490091|2022-07-25 13:38:30|27178.2|ba5ed188-d720-41bd-802c-b73d7e545ae5|8.796256895017E12|1.03910129E8|4.0|1
8.812380880897E12|4.0|30884.4
11194545799211|2022-07-24 19:41:38|27178.2|0083f859-7fa6-4eb1-8897-2ef3874c9457|8.796256895017E12|1.03897969E8|4.0|1
8.812380880897E12|4.0|30884.4
11194951401515|2022-07-25 15:27:18|27178.2|0652fd21-1f55-4556-a981-8d2a247b9dd5|8.796256895017E12|1.03911347E8|4.0|1
8.812380880897E12|4.0|30884.4
11190923132971|2022-07-14 22:35:04|27178.2|6d7b65c4-57b4-48ec-903f-c2a244905f80|8.796256895017E12|1.03749414E8|4.0|1
8.812380880897E12|4.0|30884.4
11193544212523|2022-07-21 08:49:56|27178.2|30b2cc17-d719-418e-b220-e406d73e9be8|8.796256895017E12|1.03857403E8|4.0|1
8.812380880897E12|4.0|30884.4
11186643238955|2022-07-06 19:03:25|27178.2|5b32b12b-93b9-4b47-94ee-89b30b5e9385|8.796256895017E12|1.03597802E8|4.0|1
8.812380880897E12|4.0|30884.4
11194458800171|2022-07-23 15:30:28|27178.2|46b3f03c-f5dd-49e8-9fb9-5aa934b3d3db|8.796256895017E12|1.03894314E8|4.0|1
8.812380880897E12|4.0|30884.4
11193502367787|2022-07-20 22:36:27|27372.6|714e000f-2e22-4382-93b9-351a1c80963d|8.796256895017E12|1.03856126E8|5.0|2
8.812380880897E12|4.0|29340.18
8.800779108353E12|1.0|935.55
11194526072875|2022-07-24 11:55:51|25819.38|ec391641-e5b3-4c50-bc3f-9ab88a1d9a8e|8.796256895017E12|1.03897367E8|4.0|1
8.812380880897E12|4.0|29340.18
11194413187115|2022-07-23 23:03:16|27209.16|550ed1ee-ce1c-440d-81c0-2bd4a09aa6f1|8.796256895017E12|1.03892922E8|4.0|1
8.812380880897E12|4.0|29340.18
11194974994475|2022-07-25 20:22:21|25276.05|bc4d2a3d-24e3-4484-85dc-4a4f5427c969|8.796256895017E12|1.03914067E8|4.0|1
8.812380880897E12|4.0|28722.6
11195337670699|2022-07-26 14:47:55|13589.1|ee8ccd08-5ca9-4637-b6a9-83d9cf712598|8.796256895017E12|1.03927135E8|3.0|1
8.812380880897E12|3.0|23163.3
11194978959403|2022-07-25 21:15:47|16291.53|4a958358-0bb1-48c3-a218-8054fdcf3c54|8.796093055017E12|1.03914188E8|2.0|1
8.812380880897E12|2.0|15442.2
11195338817579|2022-07-26 14:59:48|14283.99|db055fd1-7a5a-434c-b016-b8c087b50dd7|8.796256895017E12|1.0392717E8|2.0|1
8.812380880897E12|2.0|15442.2
11195146600491|2022-07-26 08:31:37|13589.1|f95e5abe-b9ab-43b1-9436-5cd74f7177e7|8.796256895017E12|1.03920304E8|2.0|1
8.812380880897E12|2.0|15442.2
11193710247979|2022-07-21 16:26:41|14283.99|17d1462d-37bc-4af5-a716-be19bcc31ee1|8.796256895017E12|1.0386647E8|2.0|1
8.812380880897E12|2.0|15442.2
11193604145195|2022-07-21 14:12:07|13589.1|6a7d8169-2615-40c9-819d-460c752404eb|8.796256895017E12|1.03863232E8|2.0|1
8.812380880897E12|2.0|15442.2
11194686144555|2022-07-24 23:19:24|14283.99|601b7746-f5ad-420f-9083-97ac4197e953|8.796256895017E12|1.03902252E8|2.0|1
8.812380880897E12|2.0|15442.2
11192070144043|2022-07-18 13:35:41|15243.255|74a3d5d1-9810-4b1d-b7be-2108bd40b3a9|8.796093055017E12|1.03794418E8|2.0|1
8.812380880897E12|2.0|14670.09
11193305858091|2022-07-20 14:13:20|11123.1|61ccafd1-0095-44eb-bb37-d2eed41d8fcc|8.796256895017E12|1.03849129E8|2.0|2
8.812380880897E12|1.0|7721.099999999999
8.797308551169E12|1.0|5174.55
11193649987627|2022-07-21 17:22:15|6794.55|98bec01e-828e-4d7c-9aad-af0bc60cffe0|8.796256895017E12|1.03864631E8|1.0|1
8.812380880897E12|1.0|7721.099999999999
11195340718123|2022-07-26 15:24:16|6794.55|dd8c4a3d-f108-4f06-83b9-806f9acea212|8.796256895017E12|1.03927228E8|1.0|1
8.812380880897E12|1.0|7721.099999999999
11194495926315|2022-07-24 13:30:56|6794.55|cd6339de-6133-4166-acac-e96ca5ab2bb1|8.796256895017E12|1.03896447E8|1.0|1
8.812380880897E12|1.0|7721.099999999999
11188801732651|2022-07-11 15:59:32|25198.2|f35246ca-3bce-4848-9f13-7f8050ea454a|8.796256895017E12|1.03667674E8|1.0|1
8.812380880897E12|1.0|7721.099999999999
11194563100715|2022-07-24 14:02:07|6794.55|93e7859e-2c62-4582-8478-c206449e75f2|8.796256895017E12|1.03898497E8|1.0|1
8.812380880897E12|1.0|7721.099999999999
11194291290155|2022-07-22 18:40:37|6794.55|758743d1-ea2c-49e6-bfac-e861521eef01|8.796256895017E12|1.03888202E8|1.0|1
8.812380880897E12|1.0|7721.099999999999
11194123157547|2022-07-22 07:31:42|27088.155|4a43e119-ecc2-4480-9077-091c17eec10d|8.796256895017E12|1.03882071E8|4.0|1
8.812380749825E12|4.0|30781.98
11193992544299|2022-07-22 07:40:11|28473.345|77caaf7f-6a85-4497-9ec5-b6c5717a0acd|8.796256895017E12|1.03878085E8|4.0|1
8.812380749825E12|4.0|30781.98
11194382909483|2022-07-24 00:30:37|46164.6|365a3058-c1db-4980-b1c4-89145de61395|8.796256895017E12|1.03891998E8|12.0|3
8.812380618753E12|4.0|19429.74
8.797274144769E12|4.0|19429.74
8.811035754497E12|4.0|13600.26
11193653133355|2022-07-21 18:18:56|18332.19|1607423c-de0c-42b1-b325-52bf22bd6064|8.796256895017E12|1.03864727E8|5.0|2
8.812380618753E12|4.0|18458.28
8.803728719873E12|1.0|1214.55
